Ailsa                      0.8     340       1    55.3    14.0      75
Anglesey                 712.5     127       3    53.3     0.2     855
Arran                    429.4     874       4    55.6     5.2     577
Barra                     18.4     384       2    57.0    77.4     409
Bressay                   31.1     226       1    60.1   201.6     177
Britain				  229849.8    1343      16    54.3     0.0    1666
Canna                     12.7     210       1    57.1    40.6     300
Coll                      74.1     103       3    56.6    14.5     443
Colonsay                  44.8     143       1    56.1    31.1     482
Eigg                      29.0     393       1    56.9    12.3     453
Fair                       5.2     217       1    59.5   143.5     174
Fetlar                    40.9     159       2    60.6   246.8     189
Foula                     13.5     418       1    60.1   177.4     149
Gigha                     15.5     101       1    55.7     3.4     401
Hoy                      154.1     477       2    58.9    13.1     354
Iona                       9.1     101       1    56.3    37.1     388
Islay                    605.3     490       3    55.8    22.4     581
Jura                     379.4     784       3    56.0     4.8     444
Lewis                   2137.3     800       5    58.1    38.2     527
Lundy                      4.1     144       1    51.2    18.1     338
Man                      571.6     620       3    54.3    29.0     765
May                        0.5      51       1    56.2     9.0     137
Mingulay                   9.6     272       1    56.8    85.5     269
Muck                       5.4     137       1    56.8     8.5     284
Mull                     909.6     967       4    56.5     2.1     517
N.Ronaldsay                7.3      15       2    59.4    85.5     131
N.Uist                   305.6     347       3    57.6    57.1     433
Orkney                   489.5     269       6    59.0    28.1     440
Rona                      10.4     123       1    57.5     6.5     159
Rhum                     106.7     810       3    57.0    24.8     425
Sanday                    50.2      66       3    59.3    62.9     162
Shetland                 984.2     450       6    60.3   188.7     421
Skye                    1735.3    1009       5    57.3     0.6     594
S.Ronaldsay               60.9     119       2    58.8     9.7     207
S.Uist                   365.2     620       3    57.2    82.3     470
Stronsay                  35.2      45       2    59.1    51.5      62
Tiree                     76.4     140       2    56.5    36.8     378
Unst                     121.2     285       2    60.8   258.1     246
Westray                   55.4     170       2    59.3    66.1      65
Whalsay                   19.7     120       1    60.4   221.0     158
Wight                    380.7     238       3    50.7     1.6    1008
Yell                     217.3     205       2    60.6   235.5     161